30,30,2000,100
452444625437256775183715772238
579865581334358934568713978472
831198517191831294716231844913
461235935561849438936291918669
935245988662625473153212742933
181188186312678792277929166164
385254741182432374647549545228
436196639912934482682519439763
467865184585358151164126236416
686568293495286481256614595642
412164699922519852991356275544
766818146516536369375798588191
238355757235835968152487852487
855326592565369261397924863853
412878368615963178486663593428
556453545446892845725528637588
398141546232272426321756651946
692452463884918739966363939245
833294526965627138482763363268
144242137858554298851211559217
442437914341199243577757212364
781429412777143177561262259745
894796287758248184294261485459
994159744481445635879266876963
753196193769867778945188219896
423991174726168384145588561635
695427289176536811622438253536
688354574291321833666412381471
716115243559768823492835849121
687271387328772693376439427399
452142916722287885623876695393
285963642224294783373517752729
941838911658696821221835718284
647446558273349795667892823353
469654359796497881143348489694
861119339813379921651782961167
422821568314499883292616836439
253286851557997212248761366417
188682364667679221172131358516
948941815267684235655149357122
793432177633343879566467731981
932751644855633166922272665134
719483785337491541284633835477
162795228552324499322772716356
588144457533389412989657621875
259682249168493974835999716711
581821867731462132124448829828
553448958458315895359287872655
182899938289631726992992952958
752312436286125352986462596292
536799828754598139386273229818
492477244344215677293537283893
624282798819639524182783869826
716318769236192263648823129292
778391488677213317541648411828
454969542647821727413895246844
366726535925432348186411298821
831392222576368938957597635935
943237774763417941658385275515
545643617241285362183213844547
743673945345194226614815711479
475136793755412973348158311266
697913548183387221481258368376
472769231994649237723851565521
358719426597924935116325325717
596719843781959955622234948518
555335786796748782246859469537
617234617219571612183334546523
781452895376879359361233689949
298121397368847477116353597785
274844419469352835149315954176
694528431157415844473847569479
137722279191164942446565426149
997216183431683372368139289129
792428349477681647985888195241
537817824322924698689162874535
356888411577356429645643889397
668289996394344434479513486294
885127418876737327532329872385
821737632443817314386346889996
866687338398389423725639636539
785216437547646229349767281617
328436152486412823369395188849
541378214862666389149335117412
172653398996448423311627729844
511451694867916765549994993323
326181995927349621934212325173
297583461576968782413994186548
839757828639777947466982684674
157156386128669545734432889426
917263248428497981271657764423
814888191462968568318856211629
578873761338832724618118658884
253875761649547725894358197332
851561436821162623315299424539
267326114227999183195698219283
331576361341819293646215339345
428191938642376682553656523568
676167347684978443713948637946
631685541891298782764226363213
176558556129218996925582486954
476829558886395297915119386316
167361921744785157492793516296
469979418112219218914626711118
984649958619532164734137584994
515222355237276314892932832248
396731923799965871274611766237
353456657166521332487222317292
284126946263183982946114789389
548335724238771427251774897325
399985464884342222934736995768
282796126127631438272331686597
955786641588642433242985715968
561585844719528143494217959265
763913965871669973455696378237
438861646266226315285933991667
646736681888981127317861257389
567895678251233852975324399721
383258993832783325923247554598
789752499457652958985429935976
587526879597974765873949643426
436218144488114436147653429441
216918261684775724424899432276
433869162529421787621313688583
149457883297255465938687155235
286785988223626925931795329372
757341456747567672954792693473
254679788234472428499658462234
628169985162666497761899189162
428187272429748245944927638748
968448795746222494429551589561
839918175989864773541435811743
188751135242825823433582369621
848422143784479192717678379953
885767748225448294279442286919
214485248713993666145582652851
884734687692644248224584477594
972144512357459183815794784533
457838645919356512671975362434
653359412921623479585145796472
745598289617252967174859598545
969462844715323147578697354385
255523274766257391141638921417
211946912344293432622174459748
879694477996533333134454477156
441912252858334654682743774493
856116495748995196293324571431
582523341594599767476228439345
462443991838658184798563396893
277298679483449134283782821961
128698427711417569155512813362
967258413843257268643775718259
247742767583729528563191754381
832619575816639535784156954329
456598111696318821486376414675
163513978955589131136198741727
966592738676628961145214241343
119989911986299255267375873898
498773386945131572128128938697
153717349942621298441431598176
154985853413793478435693767576
351589395994587566352642964814
385847245534838875654916751465
736663273224744932987796794211
465277975624361849842743768485
324222758695478143964393652816
415668191373844737323445633846
518387533219674295967725424983
832895217848773958386955659379
677913713536928355979411792648
335373132195567165593776358783
143832841784323642815459763771
161448869668693897926495695438
118569154384777431373153325763
787582264346484652696689661641
699211241338756275563693412338
687869447377257837528637557954
922991582435934283211113383993
639651159877419572335595255531
542976182673761245223993825656
395482664219733629229273748461
623593534374585238757874253997
521669529375792374425619213922
432645959166776953561184189162
448873257768771716292134537845
461949478338839528954358333529
547457462675874578882583373924
179515776279513495928236869919
355656722717932913376981644595
485945395833143868622152461339
193376827657646766813221347538
529479396113727768854966926149
222519155213186435624124972924
687478374968821586594258332176
673655911671216373328861159422
488276369243451558581381836645
453166473524347416494274529371
492739939969972134565179882173
894273837828525134424771945474
615258141566877288656611867988
544675675831313864997921613149
343592441819412482676118226183
256987864166949464897225251862
738491323798489151264116441364
678282298325626788381361553868
929894135146999362528227733824
534242275613848741791968374724
699578443757136313289529867595
173458741935476394298833975999
794764879457233945348729621365
295322975728677266537765119912
891195634514271534376869821942
225618381787889495883665735563
244176228676332847925286263463
647186326136135534725666295233
411594678164494338262794845366
949383491619438518664579426477
935882315655829131284835473431
436574554822156786836629346523
358116776434862275576392523377
568514395453668884764332893435
262652484937898656525111761987
386576569225376354312768688964
826837966832966138196517215692
589643976632378835634464356957
725876592456388741188267153562
625378578172192617851367395253
311123413217749216525974672294
844978852779863158476973311428
612497351792561377763597352286
885817625971888641928378179124
185441255468871587823635371396
746983259556856211467697421623
645331232775755869856978457596
912775963142762515127635469435
118976339734623537472176218962
397115374758671188722144479571
867828444786967287646591548955
581345622847911663781614381321
361525387664471263323947264436
589858325155345343765174946975
935673892172462291164826516449
758885621852687234229456815854
889651436241911799281485184877
354811641193548224597558147629
913148815395553522399127485383
292568179169785681934676563472
681729565179359399271354688477
953337731594159221288118238834
776299231195559174882669352638
456469858629399429224667518445
864855512886533973563249686499
689451586373565375435823196932
995677483873445727469554335447
325965326315518783582457856263
862777885366716441845784294387
123691911411996955745914933777
478974418566975626528885611251
111439314737296882614622113779
421417776616374955148237656536
557392688981953219279372247698
216942978541591786169778525372
634298962388668693817329265512
589553293435842799577161766829
611791452533143427955197495928
551817932871816586692763614774
793647795448819317277326675528
889219465423397535989874827626
184428585427499115195827575191
994735685666771913747796323329
867587881861123559866666486418
624711213648783842874417257359
316817897249546584234888741333
528476385418675738245479551817
848261466132413972937453877229
947273297175769556423485299547
257918487192113741774194967486
764776898343683412562238659481
236367862911368235353991773227
781426346851321331612161512411
469378137718431726883576134872
626336717671853761618868264348
454292932152112298897331616844
891537472629215591991961338552
166128163253717667242673879878
377791757449561142552472838561
746482733539433882984235578593
828759268817868623453224274473
199177191317529949835942935546
398153913932946238511182218993
718923437346168325135897311471
838779589176345884236939773713
951972234174974156976287291514
487757969395116212354731619399
836434146443478339561393637868
112341559177277148967647497139
556441829716846688932257117991
927786829587557334187331337358
852621653856118228661963692933
668662636517326989456957263464
577795535956934681761143147754
695883316134781984673778489598
463858414391989177543695248213
761172289459118491972422164956
557868177586115487171289993763
483275567938633334347615598262
153996835313943315691794612382
155517639277983364742147476317
823418871919939492443866398667
463867353189231234911887643842
313954857356555184737145949238
399895861414715566198166456619
583661314162258914517163981271
624758268545816648241699857774
927793546246943228633729468694
142561252962895241451883848247
544883565251777565134395739641
551514627915533968915162491148
278851768972643627614389155963
537873143944293137246582665436
811147212875399332675711768742
764899757379478168221282696494
793535127971866132143537616239
544592263192993412156549511629
825153161797328337219335572166
497798626761561226556927884251
972494143166356738367485146551
126299689254331773856971328291
851977993758946959558749635813
596855565951651124796375257684
568297855653886624891252693597
357157587741976999288273524489
353222439261271312191921566981
154926322241561772341915887831
417366388614871898379582865493
589533334232739519161866582349
592749239776871588273815384778
557683489539516215841151131434
837477128757959563826735586131
869245278512471938579368596614
917258958386189337691832883179
963345916853497465386444478596
737911631464742693548482373267
944653546523314321729398755222
895632988177832446336558328651
371578517292323237745191247884
528436797984534845267729939245
363948318832591621712543447729
875295259591333669854243347555
455666646289818933828323815298
637176677349151821826292715324
393223156314862224491655334422
285253158385385996527331398169
871159561357333148164345926387
322351568582851214285943361356
982263726663442132576362832246
192288492324274342374321666718
838976727649658717414945572121
448474594886766561428941628831
272853884739273922746366145199
893474517289762893721872342966
318879632155823814341533825194
824522479895946794673527945387
757596358539586253171227147755
536921839362297958336467592755
891219265958266111774564983875
562733492647784436616336155155
916424331598318715616375575842
957435248398995269444363925935
924682662868826535888385866475
216793616261651798656761182676
355288383217569817293254696676
763731848746365857213334572772
725255915271311288165638824453
461258639317971545833765754122
892582994983363928439865228135
687824729579421255763729948227
919669658853929859766659526729
832654896367312431374859534891
765784723173896449179335147693
157494422134239841235686263624
517837372715686644766437416968
763899291463439935863436481278
862227973968465591761641716838
828718716649268343117135468241
195183871824196883161561351454
149123787354572531819468662264
149977913422862735741959259412
659966171444382921414215551862
148237174971261495557324436284
995258863182923587666171643154
457537275764928213587839119618
265458141965388411277551865242
856878198915257976891516823981
766263688472122362463419687282
818214943924948436524771281823
474883447997214111211228741235
561741621173233286812866998384
467557445243777568651377683749
471794114512225523863597557515
288334217776699543689119787472
295675975963541434531962987327
763186853238418295372243228185
713274913637785884434593955143
312346337137615493115192767327
582113344412864293832651297695
968938419292839488726976595632
724266294842693612854956418379
525916686388127475355583864248
535696695276126897161959625371
827824353294714123651412118764
587311114539225624617926936446
567893969512157735512644672995
334281164689368979956598533575
568826339919819564552823849552
192967432253623761711384456613
969324651865446614121663262366
129265626313199213654421656114
561343294976728357898458455565
439145228791619965444967577589
592721811959747754272216939364
269299173977581865113628486423
182694314281669637315669132961
429365391388877815785716328518
314418544235632938145631636137
645826343738435538794236369262
714177292171526515691877423244
976617374669644388768892712493
374595789833265964833698464974
326988746394237881653657838157
593471495165239226423158379574
149417535749894566388533812631
755915423394998815549658867378
769737798153566879674788546919
325581537719262328582393316336
725387998438596822227556751441
642988956446317441671478891116
871381677619954498494713167829
619494546661794348161968356416
987198632971437511959679126374
616139673542366663162323412869
519758257579248128673192645876
694242362139817166784739985975
731467238552156543619777976165
761157875165855922167132571839
625992183485751157164217835532
756276553237621154553671113238
836318345222492152964566283254
911611773548278119141141632662
698539149633619823921315394858
168337819138694518398139929232
851643927234484741765919855659
875865527482495834538982446349
191537913657297825892667914835
858785559227178882321936337444
674725293743275551142713538881
916362374533917549353972355276
887857787551632626958544387822
318298994397692357334183259613
686844823795866144569229927634
568289272851531763115682589233
311198695934875129573284575248
293866328648759381223162774714
876163566656654364179495399376
329523971314674578875167871325
677198878726856263917818836122
457587796573778567668864147388
176419625592347331187936661258
324353831951722237136417816875
585563318948433425393218549115
375612534839277744137186283197
183374281269579169861673126678
243158274693635329554181138948
177614378299795146828496858986
251246448149231173527419545956
777418613553224785991455993523
113381969718967443964325984872
259374497541888572464153834615
854924141521527921477461532322
465781219885396783835743188251
137431211563562279845633514792
621796128955443923473961272482
441598519821889845858521861659
224347984117568991673835256929
878178812281445164221317648581
326351754811852549536811294817
698878954949396846185527462356
885549675548994594285743545344
999334659489979988737684837986
725963285415653276621967789668
135881969671163113222179169218
713551839517499769736289817278
449587369243142129262616898139
635459817475483834895282654412
935633956371681129928536898237
788662999762812315461367853698
337826515456263366241562543156
373592367336586564391718561514
171229495834243977932548443922
957439386699955167173512598794
184218146747477611755217878778
613656838983497246686131957847
897845363823372791991156457163
262231654589693284494348667627
664646511246323896179147198125
237821478394921122666466395169
993398769644486837642213486272
458458851239569929198371554899
867929436238169113849863826469
266822723669631342153896179655
374686375189522495979962731859
282197736962623345785527355368
198842417683264852312814449933
916486748848217615391524999382
459242117819844929399797627421
277596832319786282593629782534
882564224259919193814455982884
483973129192795636224674454984
269884183263831184121292218452
162753849236961584113772759514
191651956266291227887645692175
291229896476521886367583467393
497132416283493442766367578577
531987727352184683791566515154
251621544488624685258738542482
876451573979261733878971783189
783526846413446855262581895725
372745712277369793425518211243
564947178383512589192688448262
245835777823756869925489293468
348484928197573438663655538216
119429814449281573623949421336
741558393316811376215694886423
755569859113779125559938177749
364229854878953349914212169558
396631963455342355818891664612
419817245191988966454616269653
511987246754875648927462321269
185697566391533514839574813781
465358388381785715757214658287
514235814238883185286422553983
536346724297181668225197542895
373126854157133174781583761755
963312821935683619541432657682
712428364441977151854425188175
879211634572562629947287284989
941419964145517813533118819172
774762291865781971932213589315
464576792575881155317772457914
866669442897432278942387752661
196827324221364569163573131243
255764288953235155832282415196
359852232713647183692521579972
647129919119332551158963124681
286742622381734718362662937967
558872931758881389957995727297
524896747178224858666258276356
414737464233133634115781175178
996212413965413246152813238579
949715326962792155152613758421
239912785176182458935699339749
675383457517685137338974774926
968399587463615279967436828848
844119199524899235662237853544
154399726535169385762323651232
763721935535248272132185178617
136149995121392538297957213141
237217679677899358642175376435
694687453396368442542479452444
841546927874365488816583677794
779923161285513841679358356927
921523866836576829481465526796
524179877289141675919586689114
493131338758849493428196317944
876466278276229878852223946759
253315561867369214945969798969
482926552128651978965129722146
236118944625323519237921122297
536292611885658572683724882995
286193511891692629831247777272
919214447644996616553615562794
249911439393381549295336776312
544493761517965768558426329122
383876632865678637985716886633
295776847678721153581183465291
694739553685673237593641887676
249968733857747513998732286915
532796385393475432982238421363
477476826173332312762185417772
247773789596243529934799231529
621741426628513749225286783899
972848172967352412327224782348
726934194126438366616324293795
723323298573421779264816547774
171324287321428344359369611752
666915326711955967925729169487
139444384235764668951465716516
127336766579633658589971295498
553881495914121983511739612284
763617244426568876584869227266
241397239983568947895957511294
466974269625516252928265678757
658561999777733343553293288314
537232229111722342567284916249
721786478422866649482952235587
722348717683678985324972488268
515219366311759915596269224785
695391123168558882551611793669
426812458913926662426511946318
543439337417986412842914259396
334778187358154273928616186759
578432395642345999661382563917
365681886683561482732642526696
848663727545578617631333823614
971559969939532327758489975875
459972861265356485361798483466
418495845362915923153738433657
932764761491268727569137325363
299384663418871121616496285863
156741973495227561249959532998
576418859761163738547322345958
715263197133412218197315897925
841979222549387419768758858883
815611622446861496837224292951
534211944945556122317956874188
993641113986823661678246447897
545869518146933295335181618792
843852772519852171143674361374
989287378454472212414946465172
752731266648994831972549646466
246215622557465752137328316236
252672285749619961281394245746
371496782158984442878218126262
671233913423833697857846547927
217843968489117336329916229412
517988296781481422981856281592
267245421746316673872645139519
382163929493573515696478478597
412473895415615761574586518622
175357597285883233197867426738
591821393537662111671222214184
243927269591847345485419293616
135528347516784232434949253624
441481138266778662683379613957
389446795166281588456578973238
214288247623548433732951764272
865254881214513666735624632944
856746788235231672285827342174
984411414321918342378475958969
585268993133546886583821345533
482879386411526623943771373278
338667552727345445632966981819
522231895726534563514285952451
176912412179283488944345523971
875984785621897346931282741786
581388396445211172235478145948
412714929118481639754597431297
627794988194249547226618135696
527217857193425571377553822589
138694979338178658821164713182
319426168722714962787289644991
483591196265722289986187723981
894563659968515989116914211114
484451843928238174684763114446
516142415481667135914793349889
725979342596213433919812868239
788139499252349375751961478443
747664448329219546217693452959
958832656197955782458981787473
296625325658246334638284371263
313885215755453295752555544915
739953633349781485145378893967
127853345992415658845197427477
267542648416488433239166378347
361622275863241789595361746893
641445572771247244153991579283
563126985719993399224743645594
389799433144286337981487562814
133858681276954974585855715312
385142638467458253266437939377
667942982897583469839575131167
454381492829878323679482925343
746959315339735882634779212893
817837133268616636547219223679
634743839762568462839485346641
998982139958743362669375553598
811235223428655863322247314812
272327264558493741978374769965
317513716352296675463252625969
736559852358644531245619168824
316696697315186458128736816923
347152689369239781446298254249
757787291389817349189311474723
446325614439936843369263661592
236577634722237513275368211951
757495732162855989863417761718
824949494217138197235528194461
962787625759271238663258293219
449525199745913244397829345674
157953684445436441217715717796
133191589297613437696369193799
711585932319235565679139673414
797644963786616596128845742873
123958954712549219132398171299
145411212732894918318612887972
776652681836699765981744528384
723165945468356317148349567457
551486784855778391248817714789
585741948756394822211781657112
422597358362191433965661785397
811283165167875688433152127513
568979889769328151369131819329
687959862284339581688772112988
888253741357811825918936572999
741195742559679479991753872117
542933298119736414952936893375
122515145546817714197991517915
595599617698922322284232382662
421459593375749864976846526252
532923145778825671646729315365
585948189778666262718198527942
126169962316192824312245427278
871354977281113951617747298867
285336761916562289971252296589
526166689738744837222872138518
965395487588645642117419242355
432156777877898622515994951651
995384392951631893719116771576
716891935459211381891964327241
484876525452861221782175771156
798641356981741182318925934443
152252875998882382781665733956
678859742896241146487685238526
194828939562381418832149458378
231982727249762391622981118889
847722168592144749214887115286
784926292226433454454137173398
315877591135662372241969258319
712548653795676781687471759947
381966827194843968641585674672
127224147661746536119181563567
549276592867212719662363122793
898883574439518544382225885417
693933314278776545784561193387
314222688397624788943865226926
327952478474723917842351692428
726245557793682712295328121115
336778198114693643826846324666
469186445259785887951633947324
729742669331634912683295424796
815362744121621245544156995574
432848884638221756234879647936
834217566814713997147794889547
998573261889724684494377377212
986155897924964144344944847695
582712617533587234311545847928
854561238935614163945596224475
856481445893252427249847797734
467818927212664535518127579314
481771314427682286523266334195
663464425227973349298728683884
777584461191655495868488318798
929913786696172346158513159648
368339879849463345487659715584
322732597159113998789529478933
643863887885227474559387915131
352675564758449936656798418515
465619892719382115796414186894
452222971174912495995285658761
354944394515495128651163448164
959985269732518934245858191171
659679554291285581869582786477
858892446982754557777896164511
666467966369157119119463426339
254377179143352694143171738788
983928285642383543383869954245
134266322584217419942888824987
461225826745397685512971567112
621997443324353396851775897887
525148162784525571226852141418
113677247598353283626322522234
921174298625364576927835616857
244552367829575155897375552731
798689557985735422228185153213
412137335986131236648492121294
158587181451775262543717324615
822268171399833725416129235385
138491244569955795931951656853
262858783235747876476134826851
349461754677467118299374574281
453949183223465637551815381569
423647485978629883984735318377
175132193533116265426825565557
698751513488255164719275312158
169147293235882712139216897946
251843885476827673364314844945
957281836963195779946588758792
128357913555416352614899561673
533278933193526441667216147353
859145164617191895757669315728
927593963475342435611693544492
141427275961966435576664817675
253359545779926473875489877859
861397566417217894524365746982
482735727722484853272723855637
964699626368433651185731184643
728979262216578863889114146222
467471841352422574521417792115
875168873826532465231364128456
811598568133612345216618687684
915478462749441826417254579661
952239877631834786954419668855
451882433155796189979223875217
868542783153582782326291175192
146627523828537827854311148613
729896147197569233851843283519
552417771936624512968594575221
968157242521758911216267181138
211689498496219395479168867227
267389633247335487988762726457
274526958777766913538394238613
389169219435286523363866151773
947318824532158111553774453241
321458283826461619135924994297
421188445249217515963416825284
347431558886691666259593874178
222176234986132818165175476194
432847954933755982524627987597
217699875838967338922332493842
429676716634245699981474369554
326142687696165979789549187657
684426357829455785644597339821
759561594417142589847988496711
995593945586159917475319183611
584856657428961984678788817176
743513698322714186536488727559
518571568664786593637161566711
254593952877217485713111716819
576885797322396366742739222743
139332518779741876553683828156
188881779882215177913555136543
947624725675679196487382912944
341359617954317925238373153758
599535388945376168226626736983
485366684841631181146629945355
398327667696167193564842837423
266636539413494614952823638842
851218286542343784951167838229
672985184984612193561792596971
999725133477377826696834247439
654837798738455124448535346876
832397241451753935477661675675
869887884645437567775822514438
565529161683982292477444822141
761358684734576994618552153636
857845671279164692937181496374
834228578479698463569348366967
149319116121326358321213396271
354565328159332124696529984177
971571661453716925464341823997
348189636233746246532188141567
974912697877544673989719384351
267712362488977528546757785779
392939833619875671747131675723
981983559259727399256997758982
881761768279759363294963858858
249479142743637442629592633257
924898136686493215117239868358
861427427938388584593252593859
359759958181886545971222948688
634743333869821538294728495248
913267849468573426512917849979
327738966246852924565113515711
627638894121783161243237698471
592361754435291491677879271251
669157184161994133664324595411
954577617517476986271531244788
555462367236873562537231958281
335889275416835158214323494111
364966992366528645397243159124
623795317914441384874928922221
433595183971582887598781534445
577658397316785134211985898661
763456564949396125856238839111
719674944963344675295522593295
186822152716743933813752886259
482234546372147878325658377971
563838139386685321264462552959
336191986991137778731256321284
623867258613281555376826129615
246566736166661783859357258279
816641364669436964444661918846
766564399835493292429487432256
656448753853195748479319114172
353595441679816614225659321884
242695252179941865565142838851
543993928396631693317572313913
628789626263945791554522524675
232774347944822356174948414266
548434659827776735211733583332
111559317335226891985251468766
687253568916525667978789328199
643891232976252843629885311966
298823521148317116937133398441
396673541554299917284673672778
117551289545155381415245453244
363666911424679622844677698917
339594438851784181491947689417
856681841546126417447362427459
754151418247441158196758242224
343116766648982583712379146396
645588536992194455277715575196
717452193944589946242897876273
654681796565694647931897331468
849796748633412546799481421662
975348616777129591774958528877
315441384615745296759712595254
877579912155429554924297558282
641573763819777539547634853853
945752688736932751617237373574
343171511938244618558418322988
459441726868179221847231278749
728847496486398489485376761951
346829488619426888574727546965
716948626525894255676251714234
169729496475266489819928743631
585176723748593485976179921216
621638841324543954726676964999
192217136245188638467174229861
248573219526648136314341381749
397189828517122843218819611172
415927783254722333311371723311
212912873822569582861578838497
884916323262613141797986349977
266188877719393985935252181412
584383543246658549216211291511
581961773413211445992656246367
334352219572168659898476365237
222514461524212223111839656381
581137913463374753991373953229
738119716878515959763721596545
618494113315558279961129811642
892438746196723812767522969537
492646594452552766957195126917
858372473891365817792689552379
224369888112494389573813775766
267897478698598171646845845794
499993761244678355498848798886
675681261531322166579471975815
359658267788995328253762218231
846586871352138692452547174427
148977858414645865458431674338
873473551145915126385287685814
238924671483125353953311629368
193586525574929571561916567922
938665122371815869865869923389
784452463287424755948464178424
273263998851666948197687153946
853488996672171947998955881573
473659497833334152974876365458
273894697115231617965867312798
432931789286837923299857732518
426336225423823425781417333698
674417149971813238628228433272
855368665591847294444617535276
958184675699272659934782437572
431113415129874773367418795178
995683162156692749544495849982
643499948285579662877551559831
695837762148911287329818549839
448187151967864243143177693966
244828932859723855624661914235
928215314741879621384488374528
898457482965688422515335616362
221571682961533398939187394376
568662712499113822513663891179
626346996566411541895567543472
259719835373164272681115183166
385553671356696922927687167252
129577261413445968762214243748
126411777554785835226992219466
817456975655263621111192313387
965127577744479219648995199663
683282594363826147752811424324
147479213697394319723256539948
762723544533979486786991267779
816121184594991118989151727763
872389447874746917373782649984
616928263869853757249662254352
547788699252233938674171938428
851723659493635562467594384516
851131156175714594228327383638
247467128731445432191516463794
474744132333643353945885192967
297898355868993692795617819226
898791148472931213371661681969
858451894714648948314637526666
288791664619562219883488945781
713793939878331277191873123834
979449863932835955715911841568
163943433765391134676555227864
541441929491172997325465392375
266267187286983591312249291646
745634766497857861592976548861
533189787374565948262598779918
364931795168784699325461663212
517212416922686399431637539813
978157788534785159362382437178
893931126881422946634828385788
157248337762872316773555581345
685925175376966435716788616455
349477492192795114463612264288
672867867368592221577141273559
224485967345655123339734697544
498811642875861929285425773764
233319352114839133385592455365
219947681576336427673737157731
524622559598282119573169952349
966968619413621341899654351373
371716935746462374554934774765
972684792679161891488183919767
362153915957862522674365262398
626893914768797636926464267764
938812586919364696912925188583
825622662276441994121783891769
215681569337428112311918715794
656689569445674586396372531155
481692484715167782578322428798
613191863975393547472918581179
849611874661684693918339348494
437611123214381899813497869274
827311999862918422895747794631
594113442753649759343362699991
464975345999473716447715451844
851583389818212873327681725742
135474218721948862958664314781
514469889827754673425775745232
291145779444695377651747368342
853274996488529347141235562927
649724634657721933454894911233
515298554673422796358931976814
518146571642778555554978959969
362339221329915864127399432558
759834538119799697726527517926
626144974736794261137128833493
298398799587677671839785363934
479917145983291485315985874231
899381591866771485889978854637
242944437698362665613469985193
899447583838779942534683571723
292447347845123412143367331484
873192868979687522729566675814
428938534341593494313761395139
697859295238472657489152575551
877981199422349865595575619829
639322184586826221982576837758
437473824778926679862242321943
366878442552188453787738293215
849691235419129866568124889356
272485229253468527146228976821
891936646222658495695549244424
342786924256768633424757393472
363396499654183115349135149839
255385815125619641471555775127
386347782839895257419376963114
321896879393721943366554568926
594153837517374723899918464557
524875393935229672313971428796
355424151171188198964952999277
244549557618265819744621717964
125919841476134554313774165477
179633673619494165249416494534
599763787158638996281813513436
559836116451745337148154353315
788653814443348891399435652693
986792693286539837558563817219
848849377233826479729518764772
918793556529562341166621457337
143487125564958587866478667924
448834564972618467885124433138
144221114829127384677211914567
226339173325757465736593439282
384993955637622688967859721568
161844648438932969912511715185
242233799279473263938151984371
939934811665986371352452268272
826447277848975827279455756426
762491188215856147923953325399
831169593967461231516496949499
132961975423896214722973827446
349986526541325992924656614835
463339124126228447243164241557
524191965341157118261858626844
725928192846473484742334644639
796313737846982938533382564621
777164933587656375181684941757
819415343572174928526357158164
922869133758245758257337512381
223436519631592226189293238545
331864433931416125969745615925
198971688641369117715954621672
167482511853499182336925235891
617555131832723357443458367788
425787667648887439274685751314
696211984997946341815977865788
696521561583392788897993544753
698565672451462741452636541295
811254151327253783224843237137
871755761912884255496717188286
766188818411854467255878777354
968127172645744755416553471243
782982797589554456728624935524
573389254376875842861332552651
892444687314655188927868646432
769183475877188537378165253859
623711734762661756682963418357
674212994577964414791572493719
419279469847827634622241711361
856868521754765663843717788358
323945599415351761449394721437
891138863266569927174585435975
942287563872716365787351713763
949181221823322922848289798415
334768178459837865197879567123
748587437827878585461211633312
466541447667425718973178474317
737694213763897897978487129288
833448499669423287246232799587
745775237117533325356185234759
919733343169124763971135718153
448732499539378597193323544174
679438699733983627356749894565
431787639634727431386745518469
678338892265369785456553666685
378147776376173462772579633585
972791149821432416556221142426
332135119737632835586635351912
669899854673265899814617194638
679141665516756294883133743234
366892475394227963379916581162
689873945919521482448233263272
936194976896736717365774798136
856279573174611236653462178484
198696177871191169988821934383
774426117677227671189433721465
756813841852945642373579278268
432489341364161891559984175274
654794447951519276441937927986
393223981478182876115939657768
229133572219292263759957588685
554813377583124672913269858818
629189641279537481554853117493
187595794842357812138958131623
793289122577699625387198635745
725866385929385176817444828558
696557116522648141243574772657
282449391263298417266236747689
464779359214257675234332534755
453934126848942951814442797846
546938276521925942915773661719
461173155724248819736492329575
997533175392276365137854156356
671651669491983726643234885935
455792292422435786369566434972
168169982325243865698364896544
171194582563243598278875824373
476311696939766956129286684869
818354333645635237776116699578
639151887378215243728623579281
245193172877495612526222574617
693364588413235641482766233479
441357279497378614781853668471
435193218622764665813491217116
526275115786951879532698385249
719885185578237299563836582281
176716777567336585138696412636
889252773617126738797346113436
929471391996686366657411754416
916961537379489816277821664435
975422691239479296684229946485
677848245239547434942154233362
782624539186998664143995818786
531719856483152221328111814861
872443145996469179912384115589
969289712878791756821437947228
732321856844714336147963868816
697234858743856874494226833933
746925744849359759453889952249
878862889891372452948888622845
536718264792287885565115152881
712723957172569316212574353296
772232637628568322393792323912
759562788415633974741452657658
295594419286624896712838334537
698478385518878763729277765615
297833297288325716583246131432
892913947757722818912953334785
747615174141725138262388957826
274343674516441589454634229155
283983917328949117667881148364
618576943348564553245467912821
679418952829644928742129928518
716184938242849163934116717981
862514311163533144856935325376
173639484965613718188868837698
842214226835574975422811997867
879934548942898939811451757773
772568277388494936546421721963
829419795937191528646162893663
622563166265179452866662762191
127149768663283256498821336538
328654343966443778395379667617
686151742399371627279872242262
665493833373881277243916364555
248993615582316542279469585596
543926238371312357541986853581
212137571244625573485669494267
396834747431139497581591465523
968884436522177887619383226186
486546495281538817545579256523
881795325343298482846728831675
726751525687559866878438667559
312646842896943116463448681114
765355963969368118879293277891
923189484218751831952171548918
692849572218334824926797696232
658277397838543886985574745529
619762542523576594356736733743
854381875348318334182656368186
396989711397457672361581361179
519618854618385652933614889662
448837463997249569699554672443
339742733867968312912412451231
914735598827128225538415839787
651756913751371819959471119518
982911935124991116559525291177
762558544315657148956682321855
248687252835987291742865426199
399796319926158172243455585876
367329899653788497998263364893
239653848879644442139477347711
179837447328996422872343973756
119582332137739789451885967799
357624922719164335919673581798
144346314112439738425597241857
461738144341237185632748144187
111711599168973242618514859648
984219187974234281217247778669
385224571446976667642467547421
392144881119572149498827652785
267794714169942897942554632948
935263587642831736555624331652
951282813797728423699441541757
225759332969211667517946641629
982388643133394635996458766491
284231279248785481837482521734
817646125612894111225598211611
487198682928411292185576225942
929137175922198124591185519415
114657794358928888132456344582
646666697187928756797442952583
366318392124842254635528949745
824843215395577374258185558487
378366254854887598649784462227
228112685287878289192381484841
258764162569176953237918693576
587352217386114536747592965455
147751544171641432152757352925
918843341676666162278831178913
271613215935238772135273637197
854712348888614315333755823588
937256863479933592495613277476
935847419562375422361888932491
463389161931867776428378389525
919555882851716156363152831973
159676751213795199442687366637
875675595732622352135454721942
514424325756839934925729125258
784345726179136285342616762363
613593663367337726241381789255
288126124781599769954538497122
824381983193376192569962746743
555921316964719795462831335542
613972248578422681664388839859
442959316844263444112678257468
585287824261953112367347451661
135317189286522996911285777662
113345933551589591616779369853
482683783139856146415624395152
832392474183615687293583922945
753362416182827981313871562676
519937877674555361856747658885
459647184988618899918519124394
737652161453918712948877467917
355794571235249637258986879792
372637463685511439323824147474
367536155883674448588928346919
921221275327334668747563376565
294172261193948743526538359567
173394569444318833947733718512
562279544166725366467931893395
381818524495834532827919443242
872824618258582898532589987268
733483143816229319132314219657
467255475885421628787647383324
814625539896596952328472913414
549185585152673464549876757293
825726319998795327796691937185
638126163424119454593236462941
363489399181611294638147231437
758678138824684659346913588561
354298587813154548985675271751
352628277146844597596613888472
229271627872786691934526784143
267134495668529676346591358314
977435642514626288533983298228
913379921748989375726958373592
784939733775342624383773329561
928974633429534937179292596561
327215391946263112883913114631
461952343128993491659317867817
331356914932443234166297795914
766797441319346412364883562852
695846452254879744433777226861
849795236376534243557152245358
173595844784153793737678647333
511182832179735715968727997229
593888334578819734777737132248
588576765119313793339373639661
615254123754542686235541548414
423375942119542315874483385365
717589479869452959348628428631
918343222969431572548349158616
862788115199522487161196914766
631694389639433295574684427661
151686633762588483814689442266
613634845896131482214852113124
799254224357216712814737763872
587737843355416149797913748794
421136463993877679415161832918
124783982574356577245355432348
284232576347778411789624714953
812753954362349517388577174872
386193335719594286587887931293
796566523251614752452498947656
175215395812848738935191149553
523523614466314886296819876213
674671456398342736421845429954
516499138851931472245246645981
394376284452273434643999362236
497987444287474691979914487936
469524316648391471249645353439
193774287193926541994895566433
243869555792126595138419525754
218956178675165223895689395557
762576321278467996547414712882
125259437272273935552526951495
479469562768838386728478685516
368421445881658675747739596339
636295759758243715495716561422
791875991152745475939813128712
858475532651382192555755632847
474875695316647648998197669145
532396485996318213398476853268
724232145964395523578958736667
397158568596145995554967439476
993669353784129775119711587941
258427472254364788216833234161
653539119823954868158535439957
723132744753977624387195638518
755955926736558657719715581181
971785176624578663879239319435
177941998113442839798683654361
388181548532812583161812166121
745633915962921812636855654935
873122868364818877153455639578
551599643116916621632612592698
495829872617826983936311632221
943372854288491179883986459851
938644469719482493721782799514
588326957342521917659939767932
527727862493317916397745171812
698522846929798593948334623939
376348143594862231622778798182
453434359729688561143171944131
447471614272342966872733134934
835588441654177394955222147497
539958592222981452458439855949
281854665755143699641227741795
477982123371199519748422855639
947483178699647115671467334523
848622313499853371855412117427
996718956272268274655271337311
181652295483524629675363743743
479839748352496786596368583414
881996178914693369372511355828
237983311861397593853668611176
553867475581736247341943218436
771519832996324915656633623785
234961838933341775697375632643
819642935226474948463955442312
181482587237387871561772298747
254533973535591632729685915524
197636389593393863267937127834
582811869765564499754482779746
129736636883545818158835111883
251726285957469661243347718466
462229449218173617756775511199
347111988975767344214991513471
994893269169785329566662464354
923963949727296453777545442213
181684483263863366246772655622
295751235827458672431312242717
869678461793488867666394337814
659198884839519534651521456519
437451138958417345797481288878
673977582267317864855361815253
357555264631247882539857528567
842684426558712374556799226517
377517844719452916446498898664
654336965275114827978366878463
277884414387699936698181339545
254286864993397796832225566516
163586186247134921264357417281
642325453449921462396889561242
573841637682222475232597575925
972292892928634914429131168519
199545356674621873899286616233
912589246463341213923917683786
611281938638681523283227463846
354863747883649663232842624671
176543612651623423616499799924
531661945891965831857425359824
992158468821991848217532585573
582959967331271787441899668455
155899144654385837252897772297
994158415123215799635938126138
557241867151389521142318695161
338735619589484259253454624243
246637558556653221219261412468
331491365666571819917198774813
988583921698733936873849439816
112168429333844932649598994712
956872727791287768725234422829
492289812818194389163483651438
242789375138261868556199298393
414461732368973252621889298118
845846294933215884285631756788
641563412324113525781162849343
641562734197345626341721252265
166978493635993387759836465247
946252833267924586659378857972
169872274554725179644516755384
834751367548794625974426496885
115461179553846595826599888419
783823433253864167927788195634
256152786651237993194611457526
828163717428899555128975486296
435954732233871172965671486142
211558686544697197266956166756
623574684836148798181579712966
591759677575818889262755632257
682414551381994335294113264181
714589743533711611211957372242
168284735791459729137596659284
548326489871845165554811783657
321731891429435795658951959165
159962343845696466938636762443
316911988152226562445263163374
635163232212336362396781832598
113494191532767128372362776815
471979873217817243586733787392
255818642644242178266433321536
748989967661791177319793941256
117222216568726365861513434243
368142573565279719767195747274
621124998819182514527947241359
353724398318281535519456432199
985524689952796978326945822851
384581715917186357853257895724
228468655986451643345443943235
541245775169515315438131365267
161797658897555936147632588272
837185661982248938813756962562
782778465575182713788525211131
518644711739352798616452956312
883575542773839734796546789866
367556691111985926383761351892
897214443942642547955722487261
462684764137524289777586661859
887481145277968577325423972681
669763787873918986259666477655
944552725171756541668897516315
255167899288279828517574157237
962478148249638471394575352924
735214465956331184542625798991
822251472246976248646561839134
461255426997411253888994565996
525162281871799335912927116478
727521268285311861519644237143
194226964217185579492315867218
127862974761765273856834894662
246227919449795194419491531382
299779153238665929652895398457
424766426355527579816375694677
828239563611184824938126754613
282369719939978567567898728452
583232837529296458253994578755
685646615648184664953633982366
223278448429735234584896224216
361725141492998796312537231841
355923841783787468451939454234
671677552675725433948265931249
797292228882312395619381269871
428561114214532789222317891276
859677732729896914491729259273
826794436521528464638646129513
886219424119224583244135332845
763878181222274164962232848354
489145648973399361463921865892
726645662379166887478344849742
181647654971157694325414267981
791245461684287891819345872763
793485629165465123176144299688
581747779896486624588738238983
649873665155961227449962784164
474571643272161797388457856395
911696349476912764298359248934
266641142179542643877985767421
695738651321727261448314384314
358292977167934533362827961763
627752993471447743527695215543
586112138347356513223289141749
993432345722353153962551711814
488539275426981841216455182735
867835623868937488242455618592
521464759356827594684232922522
176911638522385912864946964913
384868376915435111482356345761
216142344976657864418284117129
818791349835483133266743447443
584453622484843894865924363971
461272881551194368793557853172
112715175227916395172764419646
346845244576855217624319868296
631284549225371227465911174462
522842562723554359984945312743
115785538654437187983133957984
731198626736271798188985589997
779957386392571934621339681356
765455216239543935124243174838
852123426478524464284822784345
428381895945314737374571872397
778126419484688814779659953227
515847178554819735494661381515
682647713643233944279589531818
244715217228457499542788565485
842645266791632896738142365222
321647945215213785276533538259
557344562271259258616869184696
128566242268448928555172545547
824336366952361635536111324346
177412638556913444784694753487
647616237342987495628617158276
238579226941318787382457576655
293277995682698678796633585977
969661247411265783527197132666
568753329584164819617235843113
453788331849254555349511918392
129962622596818864874285111539
841892256988653661695181894964
833158154749628217739144387246
819561573882349933584419696275
118776284337447575146163455395
743695164171323612871369984386
814982776278356271334539157942
628994668619567566314325797974
542886973341546674119913942243
366259957338648462141955845737
686755848223615861668321418373
117225433672259183673964928561
221974889954725788336741521184
866367362732483358495259177431
617554278535782926697728186773
492839858978126158153519421449
399215523894328393846584431541
419598482594141578299199864681
923938934711438149178791452353
261722444645766599691899328658
983365499378983439584469564975
523969859168871382392739369977
122156435645781126323644835421
392592576915958437538399746789
748259983548516622447573859242
184753762891298796162664596346
158132649616887126431539855672
248311391794125977782874754216
468329487532114648512879344337
836518133343762857935416565321
282917437585647721715299924628
335447336921253229349961412618
529355456647589739696716975165
338551445335183539742788643765
245857811755776996348436131573
769159715548623312733843275485
485115381453864969643664411286
357152694787568868997947887325
291373826886518495386557961456
644379334143865519476398153372
939575873556121296686697332666
233786913562183422699694623112
829973248469184447426292152792
177917726456744174624715145585
771737473446328584218452864825
892325513743368722197492377791
189495798489967952554257779688
578954687897771125433444724546
767748398125743185757117239294
997753533869577586294544554277
788994844547874814836542818633
639924118423611413181314157797
192431637236186519227631456526
432469259958439256277483654264
623695448984651121783329332467
768734165748621837839381549376
644779244368517621891987815171
224162295486865993127888958883
585879216547749833915514234752
395824796958792396877114795468
481316713986328388238944951687
861899197278445929528635841249
271713763845569418842324212433
486275253729671424247799637956
397722393945419537859388788258
353447418486915489647339859827
479548949863339639729415262133
379437832469747576428853734636
544234177967734368716568982132
165389123786935912922983785132
492691798484576492585574822385
262356696429226427539837657546
991962666991968886154447763769
395224117793481819671117887141
778562722865477188946672784161
288669841658222394348563252919
566718255877489979788162513814
345757661452417571976714747968
596735512173117691397443852297
133331696786556613162245442314
181949682398459616987811591778
857663544316766541743694311794
334692253125477347198156788596
236546913295674246321613466768
954249428132717774297621777517
847872492542124999471349935397
648239413875762555289496765743
489174458786844453355541435359
152157354374931272749949771276
174421354845627784426192995856
951523417516513894232262175343
239316636932514189158172335865
453279966158581231846453242874
133898642472287658521852295729
241413852261714751388775955897
261495172988132441665484595726
516597321794863364512963421222
737574661142514527186468144912
279961912855129186481499158252
368457947191398474842768162754
369552859692217539632328599917
352425613493453979577799972657
134299987339178998711959385938
258179612755674242473571876753
925489661913852342636935313277
862525136146597217821745997174
877669926832624155869322666818
929214176467934481373542273147
374593192974491637912698972177
794426522756132137894249153497
253931779411482174526936467891
461715261775688336287442898815
786767833696525926517797741719
721587756235695142843455222261
358867782284471771133875744569
539328449235856465617534674554
382654418732367272574924315755
232485742757247778795532589978
186789481264764211244241851334
944985284888285734897712214341
466666626994734314881448937242
114491994399382895995961279417
351724318782137621719565618433
182176641418854367925487828425
957792665721373386258288514625
764181755892581562473981174875
542733519259212962131664368993
156329221229126734985458534492
422131735138838617825376857324
645494652885231611238473612327
467832289184939586918888353938
924982448591824638214224456145
254453872723956157947278513911
884766437339477819672632497539
541235685542648392387835163663
771489387887589475531397921147
637623986592896631448412952676
192431621147355433351547167769
347528796946121447611821838897
472353828826928435722554391223
391777993117244515387391741458
818441728886215326385433573119
233138222671371239127662461164
477279428549363359127686661853
476239839421386735245574397141
925864951737514473489966462245
144934532369574691816325424839
555957263145218612783525294566
213578718357755562695274324922
617766246877214873489114411426
196852138741785316969137351988
466774554697197143315852981783
436236459493472219356299835586
554291799716518477645487619687
758192972681197674684934289911
573483427119671898713148753389
977467442842693799458365286491
825117392759281881821425221824
396191443562671438876564826292
853115284384457581146334862644
326192183932284943826159427319
692473972543821231898477827523
611165128573523283533369649734
496755379234532824794915859245
944931858159621991551137281121
539712353246917975466459759181
845298893949356997476811644157
286182539684416816782454937874
912572386648836652141674463653
989996797763399327624364915129
898246635538198532217287494716
338917931496983638869689247275
213294191579376237331737935538
686482183416671535964178596661
673866221564752857333749487142
732853873668589344314549253921
335438844584919627142495743638
964771181348486525738918364822
631965477215698361811992913683
968994499779983741734754295475
567611869766696736962224267531
513519888172999649943562791616
761399483469285528772222968764
567311379656822112748589674533
774498622477919326451216379888
735112524935292449829755591995
414195763375966647696878996582
431563667713841567198278225293
812979648675489212882347617463
179511259881969717156544889646
359326578879581924739476954222
255181242586677713115341588351
967969983947885849763669999741
249259177288575875852661229757
594396346722498439519854412984
592872381875445616698826235732
653968764263445836333934569119
728218466732966712112491356269
721294729594261328711589948824
684337525369492883417893855788
133439353565535694654272668648
589643391226983255586334184182
311895645923143542388656866446
384386933329616219579782272216
959372468214581384973995888897
425616963326457487329936522229
948999138323735517836464659249
392435541237768426882129485573
512854585897329536711413544212
644191942397235919537162893687
583992438658329747377496929845
966243782454766559473799414435
386888416432226574878633595613
881882184914612542397334666692
446922618236716668892954699744
527751727927133661762919665745
264453829889368953733422189449
462832265891762715388346737583
215129266325183778913635898893
593628138759352932687282169582
576838373324365279913714924156
669899292622976643263451699343
698719587188399261572745984941
348697856746357139498274313394
869857176768519592182541872679
324931829542952179775312733686
968382941521195573242951228969
642775282933674458375718572951
713988515469231968975652919158
742882615925866719362914514496
533364579755298759717353197429
252965965627817139775923996481
584475487972116136615597455226
342276657878844513975599189928
999348829897751648974326434154
891245491274284512465345528368
632823258185459271994697411424
918424717746394376778177485674
297895611282235322427179583467
777373366977986893693732556165
676627978465717483599639882957
983469242897471913845848472645
422515734328456148294999232474
291234987261814752749135217881
672831589519361665813249774479
697184145714399861154516463218
385128145945893695622133773752
393262251368983888675498713458
219372637428516249929481387131
187652182997364663766913936424
713327721797954446369273628867
965218597869575422671126482544
811191719941552819992168878784
164833491622513292353648793786
924188114871944666413574681221
813166825269274441794982562668
243436298862827244717327346389
927231515119763547954179271443
461975363691532616555698892754
881481518623261554262268571498
755566964239526471432429377869
383656417117133236227239192938
799433885112453713242926898393
643633736577477372358534896274
127336442222945385244864654119
413335552727661842267821677156
811566515376145531587888133992
688119498429499947271345116469
428519448686332789667242242284
235193382453656866331858118942
386134265566328959751851733432
412451734714462635764431476462
561289745837761897644149582471
929982373484524654682396486748
848987177168711355496138539574
889765915852797174818118719355
216297825291631722551551281276
211282253998421763971656778833
125622874981325321114135496245
624912567755923597623926728198
715427374254736229654155492472
965118116131266251487272575447
988158163953638286963483541596
846361348468539878813577615118
219545937325621395727441499958
696534952812623678185921982897
177826512329889635963731996993
963266216847435366498655216327
788357212244876955586628419815
961273493135272162264859916437
885859634335756278474986131233
717151755799178787628554311793
464299412514121552361811115228
948629876496251172586585159314
361287664939811143193841849753
641962968326623792953793988772
913322657189934374474339423487
949874384199752765312793561279
442697831517521868733324365139
423188339877826231567564695963
811982429642536752414289941838
736832894751976524292117974348
534683747839682514596851156411
377761827221685973877558247789
627229892459793133731164377419
885779613156115164924785734758
791463817876677558878353467554
891724525271359986676958485847
559936786948658154986856294514
264471666318319842989699274432
632197176428251612482517223869
855788771688858191554859862267
457513383791375994279466486236
955683926785224895422283889756
756637988841611579365788264232
483419623845121317498346196135
451967343298846138628442743889
365576122646643824545746722418
131667189815117465318148833727
247775814916296665323478229776
143539529914269331611595829166
898847993933471489799199394828
732931382215734935861727271825
561292371949798849863112786129
988843539625838448531776758564
648214322218317736535581689965
833563612742698368825823451292
119836756196851822644279654131
271288442412287199552518294968
597454346828649615175314285181
757913779677988269175799266429
545385226764267428592439585933
147989326259417715144251661138
891125689432365595686877149819
827663798477315436954143148444
564668265375616283445518675488
499453918699377675534886757687
989524852992167128673592234448
268735486642747742683983935446
131988936517575351717674622316
675289485337332842784296982432
136352119742495457935196464398
294387324258994921259727456521
861791816432869559997998114985
196881298252268395128812762872
299939285831943812419181886441
353283519498296473794568189112
313861858257472725412345367883
836879726447664126926121539996
382668957583842755928782758119
764599135684368399865388161178
246317313754997637613934852812
489952526179435422692987738834
633597972729695386964516614724
235741926148574318887112485648
311798121536291539919914582649
215937749852175237429251589296
262278182275357175119189147673
256862591463498455749613627643
659893588533644178334639732248
769369712937577774222913954379
654949394319472469436317286554
974933332466728613128389334967
225367979136924225798499572251
412212651674467962854418655174
739129478652256771145616446738
937112816262668262989767875495
427849478752187885658256139145
331827131181847342934443893537
261672351761292282543968625671
536897294373699879248391172393
347465475334494396691864846855
481917736529391568811891991332
174376463535668454984492341616
887187613486979476489388342175
279793681768125992966314184168
483358961178317631457195962985
254247733121485926267163278182
126453733663488394743885547547
759294756361899274351118398549
257248477258243955158925855937
791529995773765493333796413148
413866849572329181883255164878
813721649133331497419499196683
615497126297164489221184946678
669988442386955316592953657931
136253334812687783258795288745
237798926431197923593625768452
572852389753998118247821711716
378323274312392943447536836152
956127232517179664251878631455
819158486279938749941967342955
838638618796339525342954797272
432567266644982322952658635498
258813877428943786899939161842
353659528148192957566836828868
186267848139149179879397691579
314824767896631144355597255391
621581854686247972838367421559
476846153822789882839152588182
991827692274174319262595532291
779412555381885541592931315195
472211127619775765494354814444
847466617242923294567111763461
593424654892149213136757556648
424751656581533433542213881497
815297927866831613379939112886
629563397643934671234464579226
333415415261477245669182784637
825952919861111165677779299825
235249714498959392647534925573
678746239294312341891434675417
972763542624994687279944279572
897249936953627434528939899569
115793976653211765987745197836
675343786621781331264674873145
134237856533654411212621669471
918849599564164686685862185247
714771422948166888985538595727
395463262971587481664188259769
113317359815291393931483541734
684536174779131599644538413834
581419824465714856966429541645
946664183272677121951488363219
676379552461256763659874295612
616998895668675938183632626158
955971876668191321992572344767
914262227318768979624981665296
961764137476975525763221234413
621963883819232821192972824992
848911126383872964847954485287
------------------------------
175649121588475781599353348978
126867438263437219927746445392
358813569321282598318425718183
273234726982896818443646483396
626472533711512719487822953299
158514165684245991765684149471
797186169733251157624797494636
572335341584533485916511721866
787277537258848797512149429165
584598282575661889454723852379
365952515995469268451471761623
734594738846219162926784858535
557943327388322637382779152854
897815762346826549133135262473
513799894866297696729674353529
184559746719763348378361598753
761214794985192123459473188353
189182862861918212752283973138
117563576227951676412515968595
799549947179524485153459184575
418858951255852677976427658187
559919293829656911744775979453
513681535139627563346247963734
199325561321965721353495741775
285353998234199548238174568298
769618525343176242768274755679
269469651776634194417157797991
878627257946478244557472874143
136683882969855856271278935527
174395541329815435981664235774
